    111111111111111111111111111111111111111111111111111  
    11                                                111
111111                                                  1
111111                                                  1
1                                                       1
1                                                       1
1                                                       1
1                                                       1
1                                                       1
1                                                       1
1                                  11                   1
1                                  11                   1
1                                  11                   1
1                                  11                   1
1                                  11                   1
1                   111111         1111111111111111111111
1        11         111111         1111111111111111111111
1        11         1    1              11              1
1        11         1    1              11              1
1        11         1    1              11              1
1        11         1    1              11              1
1        11         1    1              11              1
1        11                             11              1
1        11                             11              1
1        11                             11              1
1        11                             11              1
1        11                             11              1
1        11                             11              1
1        11                             11              1
1        11                             11              1
1        11                             11              1
1        111111111111111111             1111111         1
1                        11                             1
1                        11                             1
1                        11                             1
1     555                11                             1
1     555888             11                             1
1     555  8888          11                             1
1           8883         11                             1
1       88888          3 11   3   3                     1
1    8888                11                             1
1    8                   11                             1
1                        11                             1
1                  3     11                             1
1                        11                             1
111111111111111111111111111111111111111111111111111111111
